-38.235912,-38.328384,-35.448692,-32.877453,-35.64819,-34.467392,-31.980692,-33.263603,-33.46871,-31.570534
-39.726547,-38.49751,-39.117126,-39.73019,-40.68679,-42.93156,-41.54469,-44.327843,-40.1489,-42.00151
-24.436647,-25.475513,-29.100565,-31.791113,-29.62435,-28.77403,-31.573809,-28.490828,-31.230818,-27.947355
-43.50857,-45.164192,-44.133316,-38.485424,-39.3037,-38.367226,-39.611946,-38.48669,-41.128876,-37.853516
-27.734629,-29.742563,-28.90297,-31.72401,-29.75669,-31.540537,-32.17436,-32.766884,-32.97605,-31.901485
-30.226904,-29.012392,-30.09467,-33.701557,-37.91152,-37.183033,-33.13706,-34.59081,-35.34698,-34.98672
-49.49365,-50.719894,-50.37493,-39.600845,-39.774963,-39.636158,-40.238438,-43.099052,-38.87598,-42.053215
-39.067318,-37.773407,-38.591087,-37.925793,-41.566658,-40.54661,-40.46801,-42.44923,-43.973576,-41.781136
-23.374155,-22.964872,-24.320875,-34.68312,-33.379612,-35.043785,-34.293888,-32.868164,-30.676193,-36.845917
-27.837864,-30.005697,-28.524412,-32.887817,-31.369509,-32.70144,-32.914116,-34.207104,-32.124763,-33.042988
-42.10787,-40.73433,-41.95766,-43.372303,-44.04701,-40.7303,-43.58209,-47.642067,-47.969322,-43.14021
-41.39823,-42.37412,-43.0147,-39.20736,-38.612194,-39.72824,-38.51437,-37.3145,-40.710396,-37.760704
-32.02923,-30.624619,-31.489746,-36.183426,-36.55181,-39.768456,-36.557697,-37.002113,-38.6693,-36.954067
-32.889866,-33.836132,-33.63717,-37.80987,-33.536373,-33.82091,-35.697678,-31.199707,-30.025322,-35.65408
-40.732704,-39.264847,-38.812275,-40.217274,-42.34066,-43.00405,-41.806423,-44.69921,-40.12553,-42.351994
-43.297997,-42.457207,-46.001724,-41.086918,-44.697174,-49.693512,-42.222183,-39.37367,-44.280914,-47.55492
-31.021238,-29.730127,-30.868856,-34.537243,-36.605072,-39.355766,-35.031452,-34.371502,-36.840576,-35.140907
-44.235313,-45.714928,-45.29546,-39.12201,-38.14796,-38.113487,-38.582108,-40.807564,-41.558983,-40.45328
-39.033863,-39.215553,-40.07449,-36.044792,-35.441574,-38.84847,-34.944916,-34.83909,-36.937675,-35.008614
-37.70169,-38.163345,-35.76311,-32.99691,-35.480614,-34.825134,-31.619785,-33.243557,-33.362747,-31.455832
-47.215588,-48.71812,-48.762398,-38.229214,-38.296947,-36.860546,-38.71375,-41.602184,-40.170616,-41.601063
-32.727474,-31.703262,-31.93192,-39.131798,-39.45741,-39.30647,-39.64996,-36.745476,-39.7104,-38.659843
-43.08249,-41.680527,-43.739082,-51.608883,-52.829506,-44.037186,-51.797974,-47.584686,-37.902878,-41.248013
-27.888548,-26.728096,-27.73006,-34.268757,-36.388287,-35.26269,-37.434776,-33.402245,-34.889687,-32.19064
-49.877308,-50.717182,-53.338375,-42.270237,-39.697933,-38.47352,-41.91779,-44.91784,-41.641148,-42.09779
-42.863525,-41.521095,-43.15651,-47.242405,-41.16218,-41.145107,-50.41135,-43.499413,-39.322266,-48.579914
-35.155247,-34.650314,-36.080685,-39.46608,-39.11577,-38.87047,-39.125492,-36.33285,-39.32462,-38.527615
-22.545353,-24.614077,-28.069117,-26.410728,-27.97718,-23.676105,-26.79865,-26.680355,-26.978666,-23.032063
-28.254883,-31.131796,-28.885717,-32.188656,-30.755842,-31.961107,-32.103516,-33.6124,-32.020863,-32.458782
-35.613014,-34.588696,-34.8957,-39.35444,-39.51781,-39.669964,-39.109097,-41.717964,-42.80665,-41.428734
-34.60529,-33.606598,-34.47015,-37.994865,-39.6962,-39.49394,-40.312126,-39.141666,-42.165382,-38.600414
-30.905285,-32.50816,-30.998299,-35.9843,-33.74948,-33.07292,-33.95029,-30.689669,-29.788494,-36.895287
-39.304985,-40.255405,-39.830307,-34.31895,-37.734596,-36.883648,-33.131355,-32.906517,-34.41679,-34.695545
-33.251762,-33.63715,-34.953373,-38.19431,-34.925217,-35.508312,-36.920704,-31.087465,-33.02016,-32.597885
-41.191826,-43.053425,-41.498516,-40.076496,-38.243904,-38.07831,-38.27279,-35.346672,-38.109177,-37.57251
-45.71808,-47.73932,-46.582382,-40.055584,-38.05863,-38.78968,-38.25929,-40.784416,-40.913082,-40.911682
-48.508698,-49.658485,-48.980934,-38.443798,-39.789646,-39.463634,-39.619114,-42.316555,-40.013893,-41.584656
-51.149395,-53.41677,-53.23988,-50.1971,-43.94104,-41.42053,-42.886017,-43.389538,-43.396782,-40.56464
-36.849045,-35.95607,-37.09911,-40.020824,-40.041805,-40.202477,-38.872734,-41.34548,-42.715015,-42.685104
-36.51035,-37.32494,-34.21699,-34.998287,-35.441708,-33.755028,-37.753468,-31.869833,-33.292473,-31.059828
-40.45217,-38.97422,-38.294567,-39.736877,-40.68331,-41.67489,-41.76262,-45.068882,-40.360783,-41.46757
-31.394627,-30.165941,-31.632524,-35.6125,-36.26423,-39.74906,-35.95724,-36.47809,-38.197186,-36.209526
-34.381138,-33.459538,-34.427837,-38.730976,-39.707363,-39.63943,-39.811028,-38.715897,-42.10012,-38.5022
-38.859085,-37.748955,-39.394276,-38.99035,-39.964596,-38.95682,-40.370953,-43.47925,-42.333813,-43.297688
-29.75894,-28.464422,-29.578585,-33.822353,-37.439648,-36.45043,-32.2158,-34.519207,-34.703804,-33.59118
-47.977562,-49.3649,-47.57157,-38.74177,-40.138252,-39.623795,-39.430553,-41.79429,-41.593327,-41.205643
-39.69551,-40.212532,-40.379845,-36.322704,-35.3334,-38.72521,-35.191166,-35.370113,-37.15423,-35.388752
-44.99701,-46.66899,-46.052826,-39.4135,-38.214207,-38.444977,-38.281555,-41.14324,-41.417225,-40.78401
-24.06506,-23.38747,-24.654133,-35.39093,-34.23575,-34.491215,-34.522106,-32.014153,-30.643467,-37.634403
-43.626587,-42.12087,-42.75515,-42.187363,-41.56338,-40.925663,-43.376297,-48.733444,-45.611736,-44.040356